BUILDROOT

[-48, -182, -118, -443, -61, -136, -534, -254, -131, -50, -510, -53, -168, -378, -59, -225, -540, -190, -516, -234, -85, -250, -232, -25, -270, -435, -371, -520, -486, -339, -195, -169, -7, -155, -279, -429, -57, -213, -533, -505, -16, -475, -103, -509, -343, -15, -512, -222, -455, -104, -477, -502, -422, -10, -246, -126, -425, -201, -42, -412, -436, -289, -142, -192, -109, -282, -181, -348, -212, -141, -514, -518, -145, -315, -245, -280, -432, -498, -98, -128, -356, -456, -380, -163, -376, -34, -466, -215, -325, -28, -24, -448, -255, -302, -504, -272, -493, -300, -293, -31, -235, -308, -71, -127, -9, -252, -465, -365, -468, -122, -495, -351, -330, -536, -384, -329, -202, -99, -476, -541, -238, -442, -385, -40, -133, -379, -414, -491, -137, -13, -271, -75, -285, -427, -253, -391, -360, -513, -438, -52, -469, -178, -112, -335, -328, -517, -138, -54, -277, -471, -267, -162, -413, -185, -41, -342, -409, -158, -496, -318, -388, -420, -129, -508, -94, -134, -406, -482, -18, -228, -72, -83, -188, -528, -220, -43, -546, -320, -497, -483, -176, -63, -159, -214, -102, -39, -334, -357, -66, -95, -1, -400, -311, -301, -506, -183, -115, -73, -44, -33, -531, -410, -76, -79, -538, -58, -262, -303, -51, -60, -312, -67, -191, -36, -146, -383, -417, -337, -117, -6, -537, -230, -450, -153, -264, -431, -229, -184, -294, -490, -345, -157, -206, -278, -499, -78, -381, -375, -154, -297, -542, 392, -327, -290, -251, -47, -223, -91, -317, -374, -341, -470, -165, -398, -116, -480, -268, -439, -460, -454, -353, -64, -170, -49, -530, -90, -114, -46, -14, -310, -361, -101, -156, -511, -291, -84, -369, -507, -494, -549, -526, -501, -487, -396, -446, -423, -3, -306, -200, -457, -299, -544, -187, -123, -210, -296, -433, -284, -173, -331, -62, -164, -55, -532, -500, -298, -22, -368, -377, -110, -87, -523, -204, -346, -434, -68, -519, -132, -177, -453, -283, -203, -150, -113, -224, -8, -515, -124, -120, -350, -370, -4, -197, -107, -227, -340, -441, -358, -347, -100, -269, -521, -266, -263, -174, -26, -539, -322, -407, -288, -543, -321, -256, -344, -503, -149, -527, -171, -243, -445, -352, -316, -447, -186, -143, -56, -218, -481, -411, -326, -69, -81, -474, -281, -86, -548, -304, -419, -88, -32, -437, -82, -551, -535, -207, -287, -364, -2, -492, -240, -462, -545, -241, -70, -449, -199, -363, -274, -415, -35, -295, -5, -440, -219, -485, -387, -77, -473, -430, -416, -172, -244, -367, -144, -242, -276, -119, -80, -208, -148, -323, -211, -463, -96, -286, -338, -260, -426, -74, -529, -265, -261, -140, -402, -105, -354, -130, -247, -17, -418, 401, -111, -428, -194, -314, -193, -561, -259, -564, -97, -557, -366, -559, -459, -390, -558, -189, -562, -467, -555, 161, 444, 180, 175, 30, 151, -248, -93, 152, 11, 305, 547, 525, -554, -233, -19, -556, -553, -461, -522, -565, -403, -552, -336, -563, -125, -20, -472, -257, -221, -273, -373]

BUSYBOX

[437, -39, -737, 92, 296, 54, -343, 730, -41, -417, -583, -233, -532, -457, -198, 492, -200, -654, -696, 664, -225, -481, 254, -178, -721, 149, -127, -729, 769, -703, -131, 73, -662, 673, 733, 294, -601, -554, 58, 309, 84, 110, -162, -726, -594, -146, -666, -819, 132, -596, 643, 656, 286, 748, -193, -316, 157, 236, -602, -810, -775, -99, 71, -35, -421, 108, 626, -708, -43, -495, 382, 785, 401, -379, -671, -14, -617, -378, 512, 765, 473, -779, 440, 219, -300, -50, -741, -87, -722, -369, 350, -330, 579, -139, -326, 804, -63, -290, 328, -661, -227, 659, -501, 793, 260, 188, 275, -9, -3, -414, -761, -675, 636, -258, -327, -89, 418, 226, 138, 393, 520, 431, 354, 603, 760, -231, 757, 182, -189, 38, -314, 628, -570, -120, 416, 82, 209, 220, -639, 186, 575, 194, -797, 250, 465, 425, -356, -500, -72, -782, -304, -764, -319, -751, -15, -4, -724, -204, 75, -592, 559, -141, -780, 284, 547, -368, 20, -546, 78, 42, 301, 422, 5, 607, -612, -281, -556, -167, -499, -229, 269, -61, -571, -683, 98, 307, -119, 587, 691, -653, 754, -669, -613, 109, -334, 168, -7, -803, 405, -445, -125, -29, 367, 435, -635, 686, 346, -813, 230, -631, -447, 156, -693, -536, 69, 642, 665, 633, 128, 241, 777, 339, -313, -438, -679, 16, -468, -565, -404, -630, 572, -183, -695, -384, -135, -364, -790, 359, 65, -815, 488, 558, -427, 550, -102, 731, 455, -734, -467, -604, -433, -746, -426, -337, -672, -171, -773, 91, 578, -528, -593, 714, 770, -709, -711, -651, -318, 743, -478, -646, -681, -489, -320, -392, -352, -678, 697, 618, 255, -295, 581, -261, -166, 606, -317, -599, 573, -93, -373, -676, -538, -462, 358, -117, -355, 312, -19, -376, 610, 521, -329, -799, -531, -668, -763, -175, -586, -235, -667, -216, -496, -759, -525, -805, -800, -121, 453, -380, 274, -713, -413, -164, -698, 493, -106, 625, -434, 620, 322, 292, 232, 289, 51, -701, 148, 134, 787, 385, 27, 47, 577, -172, 283, 582, -351, -85, -638, 517, 397, 34, -510, -253, 348, 423, 245, -218, 412, -205, 464, -750, -23, 428, -484, 239, 208, 624, 551, 471, -49, -784, -694, -648, -789, 629, 456, -436, -723, 740, -566, 475, -540, 768, -647, -221, -81, -543, 276, 371, 170, -383, -424, -452, 104, 130, 90, 398, -533, -503, -685, -590, 46, -548, -663, -504, -511, 80, 228, -555, 150, -747, -48, -185, -256, 802, 151, -332, -712, -792, -795, 306, -377, -632, -524, 375, 11, 217, 798, 725, 59, 25, -273, 184, -692, -391, 137, 621, 214]

EMBTOOLKIT

[-1156, 329, -1967, -631, -1233, 1000, -17, -529, -1559, -1423, -900, -1522, -24, -1724, 1566, 566, -713, 1498, -985, 1129, 694, -1167, -1576, -1190, -312, -253, -783, -1537, -1062, -1492, -1420, 1592, 190, -369, -352, -454, 263, -1210, -1408, 1100, -2105, 457, -392, -208, -543, -1964, -1888, 1271, 1360, 1399, 885, 1021, 692, -1916, -1413, -1744, -494, -1740, -1585, -1944, 1336, -2101, -704, -1184, -1873, 1896, 319, 1305, -415, 727, -912, -492, -2036, -812, -766, 1895, -1560, -417, -1447, -1999, -334, -245, -1097, 988, -1432, -1400, -904, -1768, -304, -1881, -99, -1540, -1755, -1828, 851, 585, -405, -1483, -742, 351, 1159, -839, -459, 1310, -1367, -799, -872, -1685, 338, 879, 935, -28, -1762, 1726, -1875, -1513, 326, -1553, -1631, 199, 1217, 283, -958, 1079, 1449, -19, 687, -971, -141, 1075, 1973, 1885, 960, -1563, -443, -1511, -1808, 1529, -820, -403, -685, 226, -1241, 533, 827, -1445, -1787, 950, -368, 1705, -1815, -121, 832, -1616, -139, -1438, -842, -2047, -1435, 1216, -840, 1546, -260, -1525, -475, -1949, -80, -1890, -231, -1168, 2004, 1937, -1320, 1635, 1994, -31, -877, -1583, 1862, -949, -2027, -1684, -1945, -434, -1680, 145, 815, 1669, -1599, -1898, -1403, 452, -1484, -1589, -1099, -1127, 1792, 114, 1050, 164, 285, 1135, 495, 276, -1858, -721, 1608, -1687, -119, 112, -288, -1333, 1839, 33, -471, -337, 466, 891, 1004, 15, 310, -1681, -489, 2024, -963, 243, -498, -869, -345, 732, -1609, 1673, -2016, -468, 400, -2102, 781, -185, -1201, 1601, -1366, -978, 1661, 211, 1044, 1577, 759, 1829, -905, -54, -898, -1517, 296, -647, -40, -909, -404, 1411, 1930, -1414, 1074, -2020, -1872, -568, 447, 1034, -1597, -1646, -1436, -1289, 203, -1715, -813, -385, 1390, -1935, -2014, -1171, -641, -551, 972, -1433, -174, -1774, 135, -1178, -513, -1180, -2009, -410, -1286, 1198, -997, -1348, -7, 1342, -1196, 1567, -1142, -1811, -305, 1824, 1972, 1963, -207, -491, -2032, -968, -744, 64, -1670, -1719, -539, 1764, 1195, 355, -1998, 1192, 1883, -571, -1031, 1306, -373, -1961, -686, -1777, 1276, -1495, -855, 750, -1265, -448, -1094, 1834, -2104, -1903, -1868, -826, 455, 394, 989, 43, -474, 613, 69, -407, -980, -1267, -1933, -1134, -862, 1904, -42, -175, -256, 614, 1296, -1534, -284, -582, -1951, 2038, -2095, 1078, -806, -232, -297, -1975, 1088, -1262, 238, 976, -268, 1160, -1533, -1395, -464, -1765, -1956, -1242, -882, 461, -618, -1335, -108, -1497, -177, 1491, -2012, 1848, -490, 643, -1235, -1012, 1392, -1165, -485, 294, 629, -1275, 678, 436, 856, -970, -184, -480, -1734, 922, 236, -2011, -290, -1300, 1231, -399, 1076, 224, 667, -1556, -938, 642, -749, 113, 365, -1412, 857, -1653, -1660, -590, 1212, -1550, 634, -514, -1907, 736, 456, -1588, -1775, -6, 439, -1582, 1939, -868, -1048, -1731, -322, -1649, -1986, -20, 1820, -1754, -2058, -375, -599, 1042, -2023, -271, 1876, -1147, -699, -1938, -570, -1713, -1993, -807, -1519, 1324, 796, 1844, -354, -1624, -1954, -602, 1753, 598, 1417, -1780, 683, 1426, 1018, 1221, 562, 1557, 1784, -1481, -280, -1568, -1683, 1291, -1146, -2107, -1722, -317, -1959, -1345, 1011, -1493, -622, -611, 924, 1859, -802, -760, -998, 1679, -382, -1172, -2100, -8, -1032, -1037, 975, 1023, 726, 1157, -2015, 133, 809, 1321, 486, -1703, -774, 37, 1674, 318, 1284, -1743, -189, -993, 1988, -907, -359, -2022, -1901, -1323, -1536, -1989, -362, -1666, -790, -756, -962, -228, -1437, -548, -1295, -1036, -1325, -78, -1238, -564, -776, -1205, -2064, -1772, -1066, -1130, -378, -1535, -118, -1640, -1915, -1116, -1476, -75, -1879, -1410, -983, -1572, -91, -1081, -34, -1164, -1869, -1718, -1054, -1545, -1600, -477, -1026, -1571, -61, -1455, -670, -103, -737, -1805, -414, -413, -470, -1791, 1095, -674, -292, -779, -657, -2017, -1957, 747, 18, -1627, 148, -1962, -2018, 438, -729, -1523, -346, -1371, -212, -384, -391, -2034, -1538, -32, -1141, -1701, -1607, -940, -853, -703, -1554, -899, -1213, -659, -205, -143, 2057, -1880, -574, 1587, -1017, -136, 163, -1064, 915, -1104, 115, 462, -1667, -1818, -1350, -1845, -1652, -1121, -275, -77, -1712, -753, -1892, -1061, -1255, -435, -140, -269, -617, -1230, -1906, -754, -509, 1750, 536, 608, -1504, -241, -1454, -788, 1007, 1965, -1931, -867, -1068, -943, -1789, -1016, 342, 1604, 527, 2019, -419, 1049, 1877, -488, 1940, -1632, -484, -1344, -1982, -1391, -668, -1836, -1874, -739, -1617, -765, -437, -235, -1191, -769, -959, -1851, -1187, -1394, 738, 652, -110, -1219, -1039, -1373, -469, -671, -1357, -1351, 1921, 1120, -1355, -173, -2069, -214, 1148, 544, -594, -994, -1842, -681, 1978, -421, -300, -125, -1942, -1384, -493, -725, -1569, -1996, -1070, 1771, -700, 1857, 883, -1626, -2068, -1063, -1688, -1812, -1051, -1878, -248, -1429, 1123, -1043, 1247, -603, -623, 60, 1814, -2003, -730, -1747, 49, 1389, -878, -1427, -1245, -2056, -195, -927, -2028, 428, 1852, -719, 814, 424, -1446, 1226, 946, 1268, -1507, 837, 2046, -240, 834, -1161, -784, -1259, -1936, -841, -397, -918, -1503, 1941, 1125, 1030, 1816, -996, 393, 673, 1990, -1709, 1055, -1955, 1761, -1318, 666, -59, 129, 660, -2001, 552, 361, 822, -1647, -197, -795, -30, -1347, -697, -324, 931, -1833, -902, 420, 1574, 817, -252, 1693, -1460, 251, 1544, -656, 132, -1058, 58, -1932, -1250, 929, -1065, -1891, -1415, -2045, -2041, -1105, 389, -441, 444, -838, -864, -928, -1189, -50, -1723, -1418, 2044, 1246, -600, -2, -1886, -2061, -964, -316, -321, 1909, 1263, 811, -1199, -941, 84, -1548, 1407, 27, -999, -1502, -1835, 380, 1786, -1288, -1143, -1948, -1469, -1778, -73, 201, -843, 1623, 1003, -358, 524, 1837, 431, -1638, -863, -267, -1451, -1960, -511, 785, 1114, 1090, -1356, -147, -910, -1379, -762, -1580, 1759, 93, -376, 1810, 974, 982, 500, 615, 92, 46, 1769, 1280, -100, 1662, 1795, -801, 771, 1470, 1697, 460, -1974, 1354, -889, -117, 720, 1274, 1628, 315, 383, -137, -621, -289, -1634, -1316, -449, -2066, -591, -664, -1506, 109, 894, -1462, -1947, -401, -1690, -948, -2008, -55, -52, -777, -555, 1636, 349, 1756, 1603, 1264, 76, 1926, -138, -896, -1905, -947, -1103, -131, -716, 1614, 1613, -1969, -722, -550, -1686, -157, -1281, -217, -1317, -1138, -95, -714, -1897, -1958, -1644, 644, 1132, -831, -1561, -542, -1738, -1388, -152, -705, -1625, -711, -343, -1675, -761, -2049, 2076, 2075, -870, 1900, 1804, -1494, -824, -1917, -911, -1570, 1656, 1303, 1639, 682, -1846, -98, -723, -144, -1807, -789, -1528, -845, -1633, -677, -202, -249, -1467, -645, -172, -1946, -440, -1611, -1020, -1014, -1025, -986, -665, 1254, -127, 1071, -307, 881, 2002, -1654, -595, -743, -1922, -990, -1439, -701, -865, -1339, -1516, 954, 1331, 1641, -572, -1118, -908, -546, -1434, -159, -554, -481, -1605, -372, -1657, -239, -1115, -2108, -2000, -387, -1340, -1997, -2030, -1381, -675, -792, -62, -1527, -1405, -1782, 347, -472, 65, -2048, 1084, 1419, -473, -1581, -1826, -1183, -107, -528, -149, -39, -432, -122, -221, -1819, -977, 1773, 1752, -1985, 786, 1766, 1175, 1330, 1162, -2062, -1153, 1082, -377, -597, -1072, -233, -302, -537, -266, -188, -662, -953, 1353, 1800, 1678, 1089, -21, 1882, -277, -1512, 1619, 1984, 1610, -2013, -952, -1521, -156, -1443, -1059, -1737, -1441, -126, -1847, 278, 2074, 2073, -787, -423, -942, -102, -308, -526, 1292, 1398, 476, 1757, 2070, 1729, 451, 1539, 691, -1311, -105, -828, 1651, -1382, -1520, -134, -1154, -194, 1343, 876, -1057, -340, -1706, 1224, 416, -1133, -295, 1665, -1308, -1741, -458, -695, -797, -1728, 1770, 1073, -1702, -563, -1485, -547, 463, -1480, -1046, -272, 1352, -1421, -331, -234, -487, -36, 1273, 41, -1695, -1045, 1015, 627, 510, -71, -1239, 1700, 604, 916, -1840, -1950, -1779, 335, -210, 791, 237, 620, 540, 1655, 1663, 1526, 242, 429, 63, -106, 1856, 1781, 150, 1214, -1914, 116, 1409, 1803, 192, 57, -1101, -596, -505, -823, -1307, -1253, 1578, -1843, -1861, -1060, -558, -758, -1594, -632, -1501, -1813, -1471, -768, 861, -411, -1393, -180, -25, -1035, -649, -286, -1431, -169, -1698, -981, -2065, -606, -1204, -204, -930, -804, -859, -496, -1106, -56, -573, -1575, -640, -408, -1659, 1918, 1122, 1823, -1650, -693, 128, -858, -446, -1514, -1425, -90, -2071, -2072, -718, -1841, -1019, 1500, 1202, -1301, -1452, -895, -146, 171, -1923, 816, 1739, 186, 35, 1524, 72, -1244, -2059, -593, -1251, -453, 775, 1232, 735, 1181, 1260, 341, 1767, 246, 1850, -2103, 97, 829, 1822, -1041, -1169, -1796, 1430, -124, -51, -1866, -1102, -220, -1349, -936, -1558, -381, 884, -303, -1297, 1515, -587, 886, 545, 258, 782, 1312, -1290, 636, -1887, -1293, -1137, -2087, -2086, -499, -1489, -1612, -2091, -2090, -1220, 917, -1865, -626, -1029, -79, 1056, -1991, -1358, 1871, -1158, -1234, -1677, -219, -1155, -1077, 746, -120, 507, -1629, -2092, 2080, -2094, -2093, -402, -1720, -1976, -1287, -1793, -12, -386, -2106, -2085, -2088, -2089, 1193, -1368, -921, -1144, -1386, -255, -624, 2098, 2097, 2096, -2099, 1606, -1124, -1893, 270, 1085, 1327, -1798, 1374, -945, -336, -1645, -1266, -273, -957, -187, -379, -932, 1995, -772, -1464, 937, 1083, 1479, 1929, -926, -225, -1979, -1551, -1884, -230, -607, -1131, -23, -2078, -2077, -1332, -1038, -944, 1136, -920, -1749, -561, -523]

TOYBOX

[-106, -342, -139, -105, -343, -140, -344, -104, -141, 137, -341, -103, -49, -50, -138, -46, -345, -142, -346, -45, -143, -347, -144, -3, -348, -145, -349, -4, -146, -350, -147, -131, -351, -148, -132, -352, -149, -353, -80, -150, 198, -354, -151, 197, -355, -79, -152, -356, -19, -156, -360, -157, -20, -361, -158, -362, -8, -153, -357, -154, -7, -358, -155, -359, -30, -159, -363, -29, -160, -364, -161, -60, -365, -162, -366, -59, -163, -367, -164, -35, -368, -165, -369, -36, -166, -370, -167, -73, -371, -168, -372, -74, -169, -373, -170, -9, -374, -171, -10, -375, -172, -376, -67, -173, -377, -174, -68, -378, -175, -379, -125, -180, -384, -181, -126, -385, -182, -386, -72, -380, -381, -178, -71, -382, -179, -383, -64, -183, -387, -63, -184, -388, -185, -81, -187, -82, -391, -188, 308, -389, 309, -186, -390, 306, -392, -189, -393, -12, -190, -394, -191, -11, -395, -192, -396, 305, -193, -397, -194, -107, -398, -195, -108, -399, -196, -400, -22, -401, -402, -199, -21, -403, -200, -404, 296, -205, 297, -409, -206, -120, -410, 299, -207, 300, -411, 303, -406, 302, -407, -408, -119, -201, -405, -202, -293, -229, -294, -433, -434, 13, -435, -324, -232, -436, -311, -312, -438, -321, -318, 14, -439, -314, -315, -235, -290, -291, -233, -281, -437, -282, -234, -102, -226, -430, -101, -227, -431, -228, -77, -432, -78, -427, -224, -75, -428, -76, -225, -429, 31, -214, -418, -419, -287, -415, -288, -416, -417, 32, -413, -284, -414, -211, -285, -425, -208, -412, -61, -420, -217, -62, -421, -422, -423, -40, -220, -222, -426, -39, -223, -424, -221, 99, -240, -230, -444, -241, 100, -442, -231, -239, -443, -51, -236, -440, -52, -237, -441, -238, -93, -445, -242, -446, -94, -243, -447, -244, -130, -448, -449, -450, -129, -247, -451, -248, 23, -251, -203, -455, -252, 24, -456, -204, -253, -457, -55, -452, -249, -56, -453, -250, -454, -84, -254, -458, -255, -83, -459, -256, -460, -122, -257, -121, -461, -258, -2, -462, -1, -259, -463, -88, -260, -464, -87, -261, -465, -262, -92, -466, -91, -263, -467, -134, -264, -133, -468, -265, -177, -271, 26, -475, -272, -176, -473, 25, -270, -474, -69, -469, -470, -471, -70, -268, -472, -269, -123, -278, -482, -124, -279, -483, -280, -117, -484, -485, -486, -118, -283, -487, -488, -54, -489, -476, -273, -53, -477, -274, -478, -42, -275, -41, -479, -276, -6, -480, -5, -277, -481, 17, -499, -266, -500, -501, 18, -504, -267, -498, -295, -127, -301, -505, -128, -506, -502, -503, -48, -298, -286, -490, -47, -491, -492, -289, -89, -493, -494, -495, -90, -292, -496, -497, 27, -514, -245, -508, -509, -246, -510, 28, -507, -304, -112, -307, -511, -111, -512, -513, -310, -113, -515, -516, -313, -114, -517, -518, -519, -38, -316, -37, -520, 317, -109, -521, -110, -522, -319, -65, -544, -326, -530, -66, -327, -531, -328, -16, -532, -15, -534, -331, -86, -535, -85, -329, -533, -218, -527, -219, -523, 320, -209, 58, -210, -524, -213, -525, -212, -322, -216, -529, -215, -526, 323, 57, -330, -528, -325, -44, -332, -536, -333, -537, -334, -43, -538, -335, -539, -336, -540, -337, -115, -541, -33, -34, -116, -95, -96, -97, -136, -98, -338, -542, -135, -339, -543, -340]

UCLINUX

[-370, 617, -1234, -369, 583, 584, -192, -618, -1235, -191, -619, -1236, -620, -594, -1237, -621, -593, -1238, -622, -1239, -330, -623, -329, -1240, -244, -624, -243, -1241, -625, -202, -1242, -626, -201, -1243, -627, -278, -1244, -628, -277, -1245, -629, -1246, -154, -630, -1247, -153, -631, -1248, -632, -264, -1249, -633, -263, -1250, -634, -1251, -304, -635, -1252, -303, -636, -1253, -545, -637, -1254, -546, -638, -1255, -639, -16, -1256, -640, -15, -1257, -641, -1258, -393, -642, -394, -1259, -464, -643, -463, -1260, -644, -539, -1261, -645, -540, -1262, -646, -1263, -88, -647, -1264, -87, -648, -1265, -649, -373, -1266, -650, -374, -1267, -651, -1268, -253, -652, -254, -1269, -54, -653, -53, -1270, -654, -341, -1271, -655, -342, -1272, -656, -251, -1273, -657, -252, -1274, -658, -1275, -212, -659, -1276, -211, -660, -1277, -661, -39, -1278, -40, -662, -259, -1279, -260, -663, -1280, -43, -664, -1281, -44, -665, -1282, -666, -541, -1283, -667, -542, -1284, -668, -1285, -286, -669, -1286, -285, -670, -1287, -671, -565, -1288, -672, -566, -1289, -673, -1290, -38, -674, -1291, -37, -675, -1292, -299, -676, -1293, -300, -677, -1294, -678, -50, -1295, -679, -49, -1296, -680, -1297, -282, -681, -281, -1298, -529, -682, -530, -1299, -683, -355, -1300, -684, -356, -1301, -685, -1302, -334, -686, -1303, -333, -687, -1304, -688, -548, -1305, -689, -547, -1306, -690, -1307, -47, -691, -1308, -48, -692, -1309, -693, -557, -1310, -694, -558, -1311, -695, -472, -1312, -696, -471, -1313, -697, -1314, -209, -698, -1315, -210, -699, -1316, -700, -484, -1317, -483, -701, -169, -1318, -170, -702, -1319, -255, -703, -1320, -256, -704, -1321, -705, -45, -1322, -706, -46, -1323, -707, -1324, -320, -708, -1325, -319, -709, -1326, -710, -269, -1327, -711, -270, -1328, -712, -1329, -130, -713, -1330, -129, -714, -1331, -421, -715, -1332, -422, -716, -1333, -717, -397, -1334, -718, -398, -1335, -719, -1336, -415, -720, -416, -1337, -445, -721, -446, -1338, -722, -62, -1339, -723, -61, -1340, -724, -1341, -157, -725, -1342, -158, -726, -1343, -727, -283, -1344, -728, -284, -1345, -729, -1346, -19, -730, -20, -1347, -180, -731, -179, -1348, -732, -481, -1349, -733, -482, -1350, -734, -391, -1351, -735, -392, -1352, -736, -1353, -532, -737, -1354, -531, -738, -1355, -739, -310, -1356, -309, -740, -167, -1357, -168, -741, -1358, -387, -742, -1359, -388, -743, -1360, -744, -386, -1361, -745, -385, -1362, -746, -1363, -550, -747, -1364, -549, -748, -1365, -749, -68, -1366, -750, -67, -1367, -751, -1368, -486, -752, -1369, -485, -753, -1370, -428, 754, -1371, -427, -321, -322, -755, -431, -1372, -756, -432, -1373, -757, -1374, -450, -758, -449, -1375, -528, -759, -527, -1376, -760, -190, -1377, -761, -189, -1378, -762, -1379, -437, -763, -1380, -438, -764, -1381, -765, -474, -1382, -766, -473, -1383, -767, -1384, -517, -768, -518, -1385, -182, -769, -181, -1386, -770, -291, -1387, -771, -292, -1388, -772, -352, -1389, -773, -351, -1390, -774, -1391, -127, -775, -1392, -128, -776, -1393, -777, -164, -1394, -163, -778, -133, -1395, -134, -779, -1396, -280, -780, -1397, -279, -781, -1398, -316, -782, -1399, -315, -783, -1400, -784, -161, -1401, -785, -162, -1402, -786, -1403, -91, -787, -1404, -92, -788, -1405, -789, -459, -1406, -790, -460, -1407, -791, -412, -1408, -792, -411, -1409, -793, -1410, -371, -794, -1411, -372, -795, -1412, -796, -604, -1413, -603, -797, -123, -1414, -124, -798, -1415, -455, -799, -1416, -456, -800, -1417, -801, -326, -1418, -802, -325, -1419, -803, -1420, -337, -804, -1421, -338, -805, -1422, -806, -439, -1423, -440, -807, -500, -1424, -499, -808, -1425, -339, -809, -1426, -340, -810, -1427, -601, -811, -1428, -602, -812, -1429, -813, -241, -1430, -814, -242, -1431, -815, -1432, -331, -816, -332, -1433, -126, -817, -125, -1434, -818, -502, -1435, -819, -501, -1436, -820, -1437, -524, -821, -1438, -523, -822, -1439, -823, -93, -1440, -824, -94, -1441, -825, -1442, -81, -826, -1443, -82, -827, -1444, -828, -237, -1445, -829, -238, -1446, -830, -595, -1447, -831, -596, -1448, -832, -1449, -119, -833, -1450, -120, -834, -1451, -835, -77, -1452, -78, -836, -389, -1453, -390, -837, -1454, -417, -838, -1455, -418, -839, -1456, -840, -72, -1457, -841, -71, -1458, -842, -1459, -208, -843, -1460, -207, -844, -1461, -845, -559, -1462, -560, -846, -289, -1463, -290, -847, -1464, -379, -848, -1465, -380, -849, -1466, -511, -850, -1467, -512, -851, -1468, -852, -487, -1469, -853, -488, -1470, -854, -1471, -571, -855, -572, -1472, -591, -856, -592, -1473, -857, -143, -1474, -858, -144, -1475, -859, -1476, -230, -860, -1477, -229, -861, -1478, -862, -142, -1479, -863, -141, -1480, -864, -1481, -578, -865, -1482, -577, -866, -1483, -867, -3, -1484, -868, -4, -1485, -869, -375, -1486, -870, -376, -1487, -871, -1488, -381, -872, -1489, -382, -873, -1490, -874, -188, -1491, -187, -875, -610, -1492, -609, -876, -1493, -29, -877, -1494, -30, -878, -1495, -879, -117, -1496, -880, -118, -1497, -881, -1498, -570, -882, -1499, -569, -883, -1500, -884, -443, -1501, -444, -885, -11, -1502, -12, -886, -1503, -63, -887, -1504, -64, -888, -1505, -203, -889, -1506, -204, -890, -1507, -891, -308, -1508, -892, -307, -1509, -893, -1510, -345, -894, -346, -1511, -1, -895, -2, -1512, -896, -323, -1513, -897, -324, -1514, -898, -1515, -110, -899, -1516, -109, -900, -1517, -901, -23, -1518, -902, -24, -1519, -903, -1520, -368, -904, -1521, -367, -905, -1522, -906, -354, -1523, -907, -353, -1524, -908, -454, -1525, -909, -453, -1526, -910, -1527, -467, -911, -1528, -468, -912, -1529, -913, -448, -1530, -447, -914, -198, -1531, -197, -915, -1532, -222, -916, -1533, -221, -917, -1534, -918, -58, -1535, -919, -57, -1536, -920, -1537, -114, -921, -1538, -113, -922, -1539, -923, -217, -1540, -218, -924, -399, -1541, -400, -925, -1542, -600, -926, -1543, -599, -927, -1544, -104, -928, -1545, -103, -929, -1546, -930, -225, -1547, -931, -226, -1548, -932, -1549, -343, -933, -344, -1550, -377, -934, -378, -1551, -935, -498, -1552, -936, -497, -1553, -937, -347, -1554, -938, -348, -1555, -939, -1556, -457, -940, -1557, -458, -941, -1558, -942, -317, -1559, -943, -318, -1560, -944, -1561, -504, -945, -1562, -503, -946, -1563, -176, -947, -1564, -175, -948, -1565, -949, -85, -1566, -950, -86, -1567, -951, -1568, -433, -952, -434, -1569, -313, -953, -314, -1570, -954, -327, -1571, -955, -328, -1572, -956, -1573, -466, -957, -1574, -465, -958, -1575, -959, -576, -1576, -960, -575, -1577, -961, -1578, -495, -962, -496, -1579, -28, -963, -27, -1580, -964, -174, -1581, -965, -173, -1582, -966, -18, -1583, -967, -17, -1584, -968, -1585, -193, -969, -1586, -194, -970, -1587, -971, -5, -1588, -6, -972, -525, -1589, -526, -973, -1590, -556, -974, -1591, -555, -975, -1592, -976, -514, -1593, -977, -513, -1594, -978, -1595, -112, -979, -1596, -111, -980, -1597, -981, -51, -1598, -982, -52, -1599, -983, -1600, -219, -984, -1601, -220, -985, -1602, -589, -986, -1603, -590, -987, -1604, -988, -13, -1605, -989, -14, -1606, -990, -1607, -608, -991, -607, -1608, -478, -992, -477, -1609, -993, -33, -1610, -994, -34, -1611, -995, -1612, -357, -996, -1613, -358, -997, -1614, -998, -80, -1615, -999, -79, -1616, -1000, -1617, -491, -1001, -492, -1618, -36, -1002, -35, -1619, -1003, -258, -1620, -1004, -257, -1621, -1005, -573, -1622, -1006, -574, -1623, -1007, -1624, -136, -1008, -1625, -135, -1009, -1626, -1010, -227, -1627, -228, -1011, -452, -1628, -451, -1012, -1629, -272, -1013, -1630, -271, -1014, -1631, -1015, -41, -1632, -1016, -42, -1633, -1017, -1634, -551, -1018, -1635, -552, -1019, -1636, -1020, -306, -1637, -1021, -305, -1638, -1022, -1639, -419, -1023, -1640, -420, -1024, -1641, -184, -1025, -1642, -183, -1026, -1643, -1027, -509, -1644, -1028, -510, -1645, -1029, -1646, -490, -1030, -489, -1647, -384, -1031, -383, -1648, -1032, -494, -1649, -1033, -493, -1650, -1034, -1651, -262, -1035, -1652, -261, -1036, -1653, -1037, -105, -1654, -1038, -106, -1655, -1039, -1656, -561, -1040, -562, -1657, -267, -1041, -268, -1658, -1042, -479, -1659, -1043, -480, -1660, -1044, -311, -1661, -1045, -312, -1662, -1046, -1663, -273, -1047, -1664, -274, -1048, -1665, -1049, -146, -1666, -145, -1050, -25, -1667, -26, -1051, -1668, -363, -1052, -1669, -364, -1053, -1670, -1054, -365, -1671, -1055, -366, -1672, -1056, -1673, -151, -1057, -1674, -152, -1058, -1675, -1059, -199, -1676, -1060, -200, -1677, -1061, -1678, -414, -1062, -1679, -413, -1063, -1680, -69, -1064, -1681, -70, -1065, -1682, -1066, -8, -1683, -1067, -7, -1684, -1068, -1685, -139, -1069, -140, -1686, -403, -1070, -404, -1687, -1071, -186, -1688, -1072, -185, -1689, -1073, -1690, -588, -1074, -1691, -587, -1075, -1692, -1076, -408, -1693, -1077, -407, -1694, -1078, -1695, -301, -1079, -302, -1696, -97, -1080, -98, -1697, -1081, -265, -1698, -1082, -266, -1699, -1083, -423, -1700, -1084, -424, -1701, -1085, -1702, -506, -1086, -1703, -505, -1087, -1704, -1088, -515, -1705, -516, -1089, -429, -1706, -430, -1090, -1707, -395, -1091, -1708, -396, -1092, -1709, -214, -1093, -1710, -213, -1094, -1711, -1095, -580, -1712, -1096, -579, -1713, -1097, -1714, -107, -1098, -1715, -108, -1099, -1716, -1100, -216, -1717, -1101, -215, -1718, -1102, -405, -1719, -1103, -406, -1720, -1104, -1721, -60, -1105, -1722, -59, -1106, -1723, -1107, -605, -1724, -606, -1108, -99, -1725, -100, -1109, -1726, -436, -1110, -1727, -435, -1111, -1728, -1112, -96, -1729, -1113, -95, -1730, -1114, -1731, -598, -1115, -1732, -597, -1116, -1733, -1117, -9, -1734, -10, -1118, -615, -1735, -616, -1119, -1736, -166, -1120, -1737, -165, -1121, -1738, -101, -1122, -1739, -102, -1123, -1740, -1124, -409, -1741, -1125, -410, -1742, -1126, -1743, -55, -1127, -56, -1744, -402, -1128, -401, -1745, -1129, -294, -1746, -1130, -293, -1747, -1131, -1748, -195, -1132, -1749, -196, -1133, -1750, -1134, -137, -1751, -1135, -138, -1752, -1136, -1753, -288, -1137, -1754, -287, -1138, -1755, -1139, -349, -1756, -1140, -350, -1757, -1141, -533, -1758, -1142, -534, -1759, -1143, -1760, -520, -1144, -1761, -519, -1145, -1762, -1146, -521, -1763, -522, -1147, -239, -1764, -240, -1148, -1765, -567, -1149, -1766, -568, -1150, -1767, -1151, -611, -1768, -1152, -612, -1769, -1153, -1770, -563, -1154, -1771, -564, -1155, -1772, -1156, -132, -1773, -131, -1157, -76, -1774, -75, -1158, -1775, -160, -1159, -1776, -159, -1160, -1777, -507, -1161, -1778, -508, -1162, -1779, -1163, -298, -1780, -1164, -297, -1781, -1165, -1782, -115, -1166, -116, -1783, -469, -1167, -470, -1784, -1168, -275, -1785, -1169, -276, -1786, -1170, -1787, -122, -1171, -1788, -121, -1172, -1789, -1173, -614, -1790, -1174, -613, -1791, -1175, -1792, -361, -1176, -1793, -362, -1177, -1794, -1178, -223, -1795, -1179, -224, -1796, -1180, -295, -1797, -1181, -296, -1798, -1182, -1799, -442, -1183, -1800, -441, -1184, -1801, -1185, -462, -1802, -461, -1186, -535, -1803, -536, -1187, -1804, -544, -1188, -1805, -543, -1189, -1806, -1190, -249, -1807, -1191, -250, -1808, -1192, -1809, -65, -1193, -1810, -66, -1194, -1811, -1195, -425, -1812, -426, -1196, -537, -1813, -538, -1197, -1814, -178, -1198, -1815, -177, -1199, -1816, -245, -1200, -1817, -246, -1201, -1818, 1202, -149, -1819, -247, -150, -248, -1203, -1820, -586, -1204, -585, -1821, -74, -1205, -73, -1822, -1206, -155, -1823, -1207, -156, -1824, -1208, -1825, -335, -1209, -1826, -336, 1210, -1827, -475, -236, -476, -1211, -235, -1828, -1212, -1829, -89, -1213, -1830, -90, -1214, -1831, -1215, -83, -1832, -1216, -84, -1833, -1217, -172, -1834, -1218, -171, -1835, -1219, -1836, -232, -1220, -1837, -231, -1221, -1838, -1222, -147, -1839, -148, -1223, -206, -1840, -205, 1224, -1841, -233, -581, -582, -234, -1225, -1842, -1226, -359, -1843, -1227, -360, -1844, -1228, -1845, -32, -1229, -1846, -31, -1230, -1847, -1231, -21, -1848, -22, -1232, -553, -1849, -554, -1233, -1850]




